$ANSIBLE_VAULT;1.1;AES256
66353766396361623138346638636265333831313162623762353032623562356261383431383037
6336613434613736626636346634633437353635643761380a306163363761366564613163323663
33616263386337336138336464386362393464333330373665643830376135646432376363363238
3738666232383662350a393431323064633664363465383631363238663765333831373430626438
31636263663632643532363966333563623933386364646362313363333237373864633333643530
38383161636436333431323432623966306438626162326331326232323865366537663966336434
61373665353639613639306633613031613665326235303336363761636366396136643536633535
32386433396338626634636430613831646661373737373830396666356537643863323865383537
61653663623363353661313632313232313639636239323362353762333664393031366330383363
63316539653637346261356335396565336331323361343966343239386531356366663064653533
33353662646237663861383330363231363962623938353633633139656137623339313963393436
64663834663761363861363165323264333632636265326165383565366239653531346633623863
36376265313563383039363234663133353036323161656334323331326537656433623539323363
32373532663933636666333035396538653735303730633630613330656132623837376238633032
66323739376237666330633238633366386139383533343732306232643536613733306435626635
34393134373062393961643263346366386665666361663965653037656632356633613633386662
65646330646234663863333631663261616461643562386237303131633231613139653038333830
66616161653463363836326433356430346263363563336631663037336234363336386566373337
36646566373764323661626162333064303232346437396366383663336232313964613830656662
61623035366630316337
